0 4.1 17 1
1 3.7 22 1
2 3.8 26 1
3 2.9 3 0
4 1.1 3 0
5 1.3 4 0
6 1.7 20 0
7 1.6 20 0
8 3.9 7 0
9 1.4 9 0
10 1.7 30 0
11 3.2 19 0
12 4.6 21 1
13 4.8 9 1
14 2.3 8 0
15 4.0 24 1
16 1.1 26 0
17 3.9 9 0
18 4.4 10 0
19 2.1 21 0
20 4.9 11 1
21 2.3 28 0
22 2.8 10 0
23 3.9 16 1
24 1.9 13 0
25 1.0 28 0
26 1.1 20 0
27 3.5 5 0
28 3.0 29 1
29 3.3 10 0
30 1.5 29 0
31 2.9 9 0
32 3.7 9 0
33 1.4 20 0
34 3.6 8 0
35 1.6 27 0
36 3.0 15 0
37 4.9 19 1
38 2.5 24 0
39 5.0 5 1
40 1.8 12 0
41 2.1 15 0
42 1.3 10 0
43 4.2 19 1
44 2.2 19 0
45 4.9 10 1
46 4.7 11 1
47 1.5 11 0
48 2.3 9 0
49 3.3 9 0
50 4.2 29 1
51 3.4 18 0
52 3.9 25 1
53 2.0 6 0
54 2.2 13 0
55 4.0 22 1
56 4.5 12 1
57 4.9 3 0
58 3.6 14 0
59 2.5 18 0
60 2.9 5 0
61 1.1 30 0
62 4.4 24 1
63 2.7 14 0
64 3.0 26 1
65 4.8 16 1
66 4.1 10 0
67 3.1 18 0
68 2.1 13 0
69 4.5 21 1
70 2.0 24 0
71 3.4 10 0
72 2.4 12 0
73 3.6 8 0
74 2.0 16 0
75 3.6 28 1
76 4.2 27 1
77 1.4 16 0
78 2.8 20 0
79 4.1 22 1
80 1.2 4 0
81 4.7 23 1
82 2.0 19 0
83 3.3 24 1
84 4.3 28 1
85 4.6 23 1
86 3.4 13 0
87 1.1 21 0
88 1.6 6 0
89 3.3 10 0
90 4.4 20 1
91 4.1 12 0
92 1.8 29 0
93 2.2 24 0
94 3.0 10 0
95 1.3 21 0
96 1.1 5 0
97 1.3 18 0
98 3.6 26 1
99 1.7 14 0
100 4.0 8 0
101 4.4 26 1
102 4.5 29 1
103 1.3 17 0
104 3.6 16 0
105 2.4 28 0
106 1.7 30 0
107 1.7 10 0
108 3.7 26 1
109 1.7 18 0
110 3.6 27 1
111 3.4 18 0
112 4.1 23 1
113 3.9 19 1
114 1.4 29 0
115 1.6 11 0
116 2.7 8 0
117 2.8 25 0
118 1.5 20 0
119 2.8 19 0
120 4.5 19 1
121 4.9 10 1
122 4.3 9 0
123 4.8 18 1
124 1.8 30 0
125 1.0 7 0
126 1.2 6 0
127 1.9 9 0
128 4.8 8 1
129 2.9 17 0
130 1.8 4 0
131 2.9 28 1
132 1.6 6 0
133 1.4 27 0
134 4.8 23 1
135 3.6 29 1
136 2.7 22 0
137 1.6 7 0
138 4.2 29 1
139 3.2 22 0
140 4.6 8 1
141 3.6 24 1
142 1.3 17 0
143 1.2 8 0
144 4.2 14 1
145 4.7 29 1
146 2.2 14 0
147 3.0 19 0
148 4.5 30 1
149 3.9 10 0
150 2.4 25 0
151 4.2 18 1
152 1.7 12 0
153 1.4 21 0
154 1.6 17 0
155 4.3 29 1
156 1.1 17 0
157 3.6 13 0
158 2.3 17 0
159 4.5 29 1
160 2.0 26 0
161 2.7 4 0
162 4.6 26 1
163 3.7 13 0
164 1.5 16 0
165 4.2 15 1
166 1.3 7 0
167 3.6 29 1
168 2.6 8 0
169 3.1 11 0
170 2.4 8 0
171 3.5 11 0
172 2.0 11 0
173 2.8 7 0
174 2.0 11 0
175 3.5 26 1
176 4.1 19 1
177 4.1 15 1
178 2.5 20 0
179 2.6 8 0
180 4.6 23 1
181 3.8 23 1
182 2.1 26 0
183 3.6 14 0
184 2.7 23 0
185 3.9 23 1
186 1.3 8 0
187 4.0 11 0
188 2.2 14 0
189 2.2 9 0
190 4.9 11 1
191 1.6 9 0
192 3.8 8 0
193 3.4 17 0
194 3.0 6 0
195 4.7 18 1
196 4.6 17 1
197 3.4 21 0
198 3.9 3 0
199 4.9 25 1
200 4.1 24 1
201 4.7 13 1
202 1.3 4 0
203 2.3 24 0
204 3.1 26 1
205 1.8 16 0
206 2.8 11 0
207 4.6 27 1
208 3.9 12 0
209 4.2 14 1
210 3.2 15 0
211 4.2 21 1
212 1.9 5 0
213 2.7 11 0
214 1.7 29 0
215 3.3 3 0
216 3.7 7 0
217 4.8 6 0
218 4.7 21 1
219 2.4 12 0
220 4.5 18 1
221 1.6 20 0
222 3.1 23 0
223 3.1 21 0
224 3.2 24 1
225 1.2 27 0
226 4.8 8 1
227 2.6 9 0
228 2.9 17 0
229 4.8 16 1
230 3.6 20 1
231 3.1 13 0
232 3.3 19 0
233 4.4 16 1
234 4.4 24 1
235 3.6 27 1
236 2.8 8 0
237 1.9 12 0
238 1.2 10 0
239 2.4 17 0
240 1.4 22 0
241 3.0 9 0
242 4.9 13 1
243 4.4 20 1
244 2.3 3 0
245 3.5 4 0
246 3.7 17 1
247 2.0 9 0
248 2.1 21 0
249 1.3 6 0
250 3.4 24 1
251 4.0 11 0
252 3.8 30 1
253 3.0 11 0
254 4.4 7 0
255 3.9 11 0
256 2.2 22 0
257 1.6 19 0
258 1.4 25 0
259 1.5 26 0
260 3.5 25 1
261 3.5 25 1
262 1.0 25 0
263 2.5 19 0
264 2.1 22 0
265 1.4 4 0
266 1.2 25 0
267 3.7 6 0
268 2.6 29 1
269 1.4 17 0
270 1.1 10 0
271 1.3 21 0
272 4.0 24 1
273 3.6 27 1
274 3.4 18 0
275 3.4 11 0
276 4.4 7 0
277 2.1 25 0
278 2.1 24 0
279 4.8 18 1
280 2.9 12 0
281 2.4 24 0
282 2.1 21 0
283 1.4 28 0
284 4.6 22 1
285 2.7 21 0
286 4.2 4 0
287 2.2 16 0
288 2.2 6 0
289 4.8 20 1
290 2.4 3 0
291 2.6 16 0
292 4.1 10 0
293 4.1 11 0
294 2.1 7 0
295 2.1 28 0
296 2.2 13 0
297 4.7 13 1
298 3.8 13 0
299 3.9 25 1
300 5.0 7 1
301 4.8 24 1
302 2.0 21 0
303 3.9 7 0
304 2.1 4 0
305 3.3 16 0
306 2.4 17 0
307 3.2 28 1
308 3.0 18 0
309 1.7 26 0
310 3.7 4 0
311 3.3 6 0
312 4.8 26 1
313 1.5 28 0
314 3.5 17 0
315 4.9 18 1
316 3.5 26 1
317 2.5 15 0
318 3.5 5 0
319 4.5 22 1
320 4.0 24 1
321 2.2 12 0
322 3.9 9 0
323 3.8 20 1
324 2.7 15 0
325 4.2 10 0
326 1.4 10 0
327 1.0 16 0
328 2.5 30 1
329 1.9 12 0
330 4.0 14 1
331 2.8 17 0
332 3.8 15 0
333 3.9 11 0
334 2.8 27 1
335 3.0 7 0
336 2.4 21 0
337 3.9 23 1
338 3.2 18 0
339 3.6 23 1
340 2.1 19 0
341 4.7 28 1
342 3.8 12 0
343 3.6 5 0
344 4.9 17 1
345 4.3 24 1
346 4.4 12 1
347 2.2 4 0
348 2.4 29 0
349 1.4 15 0
350 2.2 16 0
351 2.9 16 0
352 4.2 25 1
353 4.4 10 0
354 2.2 29 0
355 2.9 12 0
356 3.8 27 1
357 2.1 3 0
358 1.9 8 0
359 4.9 12 1
360 1.9 20 0
361 1.5 30 0
362 4.8 6 0
363 2.1 26 0
364 3.4 21 0
365 3.8 23 1
366 1.2 26 0
367 4.5 14 1
368 3.4 3 0
369 3.6 6 0
370 1.8 30 0
371 1.2 29 0
372 3.8 21 1
373 3.2 21 0
374 1.6 8 0
375 1.5 28 0
376 3.6 24 1
377 4.2 20 1
378 2.5 13 0
379 3.1 20 0
380 5.0 5 1
381 1.2 27 0
382 4.5 19 1
383 3.3 4 0
384 4.8 23 1
385 4.7 25 1
386 1.8 11 0
387 3.2 16 0
388 4.6 13 1
389 1.9 7 0
390 4.1 13 1
391 3.1 25 1
392 3.7 7 0
393 1.4 23 0
394 2.6 25 0
395 2.8 12 0
396 4.7 15 1
397 3.0 28 1
398 1.6 8 0
399 4.5 8 1
400 1.3 19 0
401 4.2 21 1
402 2.8 26 0
403 1.3 8 0
404 1.2 3 0
405 2.6 21 0
406 3.4 21 0
407 3.7 7 0
408 4.4 11 0
409 5.0 3 0
410 1.7 4 0
411 2.0 5 0
412 1.0 19 0
413 2.9 18 0
414 3.7 15 0
415 2.4 22 0
416 2.7 25 0
417 2.1 15 0
418 1.9 19 0
419 4.2 16 1
420 4.9 29 1
421 1.8 5 0
422 2.4 17 0
423 3.7 13 0
424 3.9 6 0
425 4.4 17 1
426 1.2 17 0
427 2.0 14 0
428 1.0 27 0
429 4.6 8 1
430 3.6 8 0
431 1.5 12 0
432 1.0 9 0
433 3.1 25 1
434 4.9 14 1
435 3.3 18 0
436 3.3 22 0
437 2.0 20 0
438 1.2 27 0
439 2.4 26 0
440 4.6 9 1
441 2.5 11 0
442 2.7 8 0
443 1.4 11 0
444 4.7 26 1
445 2.2 4 0
446 3.0 7 0
447 3.8 24 1
448 4.7 9 1
449 1.5 27 0
450 4.5 5 0
451 3.3 30 1
452 4.2 18 1
453 2.9 14 0
454 4.0 23 1
455 1.9 11 0
456 1.9 3 0
457 1.7 4 0
458 1.2 9 0
459 3.8 23 1
460 2.5 20 0
461 1.9 29 0
462 2.5 5 0
463 1.1 19 0
464 2.0 7 0
465 4.6 15 1
466 1.7 13 0
467 1.4 4 0
468 2.6 16 0
469 4.2 22 1
470 5.0 7 1
471 2.3 3 0
472 2.2 8 0
473 1.4 3 0
474 2.4 4 0
475 3.5 16 0
476 4.3 18 1
477 2.7 22 0
478 2.8 20 0
479 3.3 16 0
480 4.3 15 1
481 4.0 10 0
482 1.1 23 0
483 1.7 12 0
484 1.4 22 0
485 2.5 18 0
486 3.7 11 0
487 1.1 22 0
488 3.6 28 1
489 2.5 23 0
490 4.1 23 1
491 1.2 17 0
492 2.9 8 0
493 2.0 13 0
494 1.2 10 0
495 1.4 10 0
496 2.4 4 0
497 4.9 23 1
498 2.3 19 0
499 3.9 30 1
500 4.3 27 1
501 3.2 21 0
502 3.3 21 0
503 2.1 23 0
504 1.0 11 0
505 1.2 14 0
506 4.4 11 0
507 4.5 19 1
508 3.9 7 0
509 1.6 21 0
510 2.1 22 0
511 3.9 15 0
512 3.4 22 0
513 3.7 14 0
514 4.4 18 1
515 2.3 23 0
516 1.7 28 0
517 5.0 13 1
518 4.8 23 1
519 1.6 23 0
520 5.0 12 1
521 1.6 3 0
522 2.1 5 0
523 4.4 4 0
524 3.9 10 0
525 4.0 14 1
526 1.8 28 0
527 3.2 14 0
528 2.2 23 0
529 1.3 14 0
530 1.2 5 0
531 4.6 24 1
532 2.9 9 0
533 1.6 26 0
534 4.7 14 1
535 4.6 24 1
536 1.3 16 0
537 3.7 25 1
538 1.1 16 0
539 2.5 10 0
540 1.9 6 0
541 3.6 25 1
542 1.7 17 0
543 4.4 24 1
544 4.1 19 1
545 4.4 29 1
546 1.7 8 0
547 1.2 7 0
548 4.5 4 0
549 1.4 22 0
550 3.3 4 0
551 3.3 10 0
552 3.4 21 0
553 3.6 12 0
554 1.2 10 0
555 1.9 21 0
556 1.8 27 0
557 1.1 25 0
558 4.7 25 1
559 3.4 22 0
560 3.3 14 0
561 2.9 24 0
562 2.2 15 0
563 1.7 13 0
564 2.4 5 0
565 4.7 22 1
566 2.3 18 0
567 4.1 14 1
568 1.0 3 0
569 1.5 19 0
570 2.5 21 0
571 1.6 6 0
572 2.0 15 0
573 2.0 26 0
574 1.9 17 0
575 3.3 26 1
576 1.5 16 0
577 2.3 28 0
578 1.6 15 0
579 2.4 26 0
580 3.7 29 1
581 3.5 21 1
582 1.8 3 0
583 1.6 10 0
584 2.2 15 0
585 2.2 21 0
586 4.0 4 0
587 4.0 27 1
588 3.4 16 0
589 4.5 6 0
590 3.1 18 0
591 2.6 10 0
592 4.5 17 1
593 2.7 18 0
594 3.9 9 0
595 1.8 3 0
596 4.4 17 1
597 3.3 14 0
598 4.2 22 1
599 2.2 25 0
600 3.4 28 1
601 2.9 20 0
602 1.4 11 0
603 3.2 15 0
604 4.6 8 1
605 1.9 26 0
606 1.1 21 0
607 4.9 4 0
608 4.4 8 0
609 1.4 28 0
610 4.8 9 1
611 2.0 27 0
612 4.1 19 1
613 1.2 23 0
614 2.4 3 0
615 4.9 25 1
616 2.2 30 0
617 3.0 5 0
618 3.2 25 1
619 2.2 10 0
620 2.2 5 0
621 2.1 27 0
622 1.9 23 0
623 1.0 10 0
624 3.5 21 1
625 1.3 25 0
626 3.1 25 1
627 1.1 3 0
628 4.0 3 0
629 2.2 21 0
630 3.8 9 0
631 1.6 5 0
632 2.7 12 0
633 3.6 14 0
634 1.6 11 0
635 3.6 24 1
636 3.2 12 0
637 4.3 18 1
638 3.9 28 1
639 2.3 9 0
640 4.9 30 1
641 2.5 16 0
642 4.3 29 1
643 3.8 10 0
644 2.6 25 0
645 1.0 14 0
646 1.2 27 0
647 3.7 25 1
648 4.6 5 0
649 4.9 5 0
650 4.4 13 1
651 1.7 20 0
652 4.9 28 1
653 3.5 4 0
654 3.4 22 0
655 4.0 3 0
656 4.5 3 0
657 2.2 11 0
658 4.0 14 1
659 3.7 30 1
660 4.4 7 0
661 4.8 17 1
662 3.5 10 0
663 3.2 18 0
664 1.8 5 0
665 3.2 11 0
666 2.8 25 0
667 1.0 28 0
668 1.6 23 0
669 2.9 11 0
670 3.3 10 0
671 4.2 28 1
672 2.6 13 0
673 4.5 28 1
674 1.9 18 0
675 2.1 15 0
676 5.0 8 1
677 3.2 23 0
678 2.7 5 0
679 4.9 22 1
680 3.0 13 0
681 1.3 16 0
682 2.9 9 0
683 1.2 21 0
684 3.2 9 0
685 4.5 27 1
686 4.8 18 1
687 2.2 30 0
688 2.3 4 0
689 3.9 20 1
690 1.1 30 0
691 2.5 11 0
692 4.3 9 0
693 2.3 13 0
694 4.5 20 1
695 4.5 19 1
696 2.8 28 1
697 3.2 19 0
698 4.0 25 1
699 4.2 27 1
700 4.6 16 1
701 1.0 3 0
702 3.1 18 0
703 1.3 23 0
704 3.3 9 0
705 4.6 25 1
706 3.5 19 1
707 2.2 30 0
708 3.0 17 0
709 4.4 14 1
710 4.9 30 1
711 2.2 27 0
712 3.4 18 0
713 1.9 8 0
714 2.4 16 0
715 3.8 16 1
716 2.1 16 0
717 2.1 16 0
718 3.2 27 1
719 3.9 15 0
720 3.7 23 1
721 1.0 14 0
722 1.0 3 0
723 1.3 12 0
724 1.7 17 0
725 3.1 28 1
726 1.8 13 0
727 4.5 6 0
728 4.7 21 1
729 1.7 30 0
730 3.3 12 0
731 1.4 15 0
732 2.5 13 0
733 4.0 29 1
734 2.2 27 0
735 1.2 26 0
736 2.6 28 0
737 1.5 3 0
738 4.4 11 0
739 2.6 14 0
740 4.8 28 1
741 1.5 21 0
742 3.9 3 0
743 1.7 27 0
744 3.9 3 0
745 3.4 9 0
746 4.4 12 1
747 1.6 21 0
748 4.9 21 1
749 3.7 30 1
750 1.6 14 0
751 1.2 11 0
752 4.2 24 1
753 4.2 28 1
754 4.7 8 1
755 4.4 10 0
756 1.2 30 0
757 3.9 12 0
758 2.4 5 0
759 3.8 29 1
760 1.8 28 0
761 3.9 17 1
762 3.9 19 1
763 4.1 9 0
764 4.9 29 1
765 1.3 11 0
766 2.5 30 1
767 1.6 8 0
768 4.3 26 1
769 1.1 23 0
770 2.8 4 0
771 4.6 3 0
772 1.9 28 0
773 2.9 13 0
774 4.2 27 1
775 3.7 17 1
776 2.2 5 0
777 4.6 8 1
778 5.0 18 1
779 3.1 18 0
780 3.8 11 0
781 4.4 7 0
782 4.9 19 1
783 2.0 19 0
784 2.1 12 0
785 2.3 12 0
786 2.3 15 0
787 2.8 24 0
788 2.9 16 0
789 1.2 13 0
790 2.4 29 0
791 3.7 19 1
792 2.2 30 0
793 1.2 17 0
794 2.2 27 0
795 3.1 21 0
796 3.0 22 0
797 3.5 22 1
798 4.5 10 1
799 1.5 23 0
800 2.2 19 0
801 3.9 4 0
802 4.4 16 1
803 1.9 9 0
804 3.9 20 1
805 1.9 14 0
806 4.3 29 1
807 3.3 24 1
808 3.6 26 1
809 5.0 15 1
810 4.2 20 1
811 4.0 3 0
812 2.8 10 0
813 1.2 3 0
814 2.4 19 0
815 2.9 25 0
816 3.0 30 1
817 2.1 27 0
818 1.1 11 0
819 4.9 3 0
820 4.2 10 0
821 4.6 16 1
822 1.3 12 0
823 4.2 26 1
824 4.2 7 0
825 4.9 21 1
826 1.3 30 0
827 3.6 13 0
828 4.0 5 0
829 3.2 11 0
830 4.5 24 1
831 4.6 5 0
832 3.8 16 1
833 2.5 22 0
834 4.4 23 1
835 4.6 27 1
836 3.3 3 0
837 3.7 19 1
838 2.5 5 0
839 3.2 28 1
840 4.3 24 1
841 1.9 9 0
842 4.1 25 1
843 4.3 7 0
844 3.1 18 0
845 3.6 16 0
846 4.2 20 1
847 4.7 11 1
848 2.1 26 0
849 3.7 12 0
850 3.5 8 0
851 4.1 12 0
852 4.7 5 0
853 1.9 25 0
854 3.5 3 0
855 2.0 27 0
856 1.0 6 0
857 4.7 22 1
858 3.7 13 0
859 1.4 19 0
860 2.1 20 0
861 1.6 3 0
862 4.8 5 0
863 3.4 19 0
864 4.0 17 1
865 4.5 3 0
866 1.1 3 0
867 4.3 13 1
868 3.9 21 1
869 1.6 24 0
870 1.9 11 0
871 3.9 8 0
872 4.9 15 1
873 3.3 26 1
874 2.8 19 0
875 3.7 5 0
876 2.7 10 0
877 2.0 6 0
878 4.7 13 1
879 3.8 11 0
880 3.5 22 1
881 1.3 21 0
882 4.9 28 1
883 4.6 3 0
884 3.8 14 0
885 4.5 16 1
886 2.6 23 0
887 1.4 20 0
888 2.4 3 0
889 4.9 12 1
890 2.3 14 0
891 1.2 17 0
892 4.5 25 1
893 1.4 23 0
894 1.4 14 0
895 4.9 10 1
896 4.6 17 1
897 2.0 25 0
898 3.7 27 1
899 1.5 16 0
900 3.8 13 0
901 4.3 16 1
902 4.9 20 1
903 1.6 28 0
904 1.7 29 0
905 2.9 26 1
906 4.9 9 1
907 4.1 19 1
908 2.4 8 0
909 2.4 17 0
910 3.7 10 0
911 1.3 22 0
912 3.3 20 0
913 1.1 26 0
914 2.1 6 0
915 3.2 13 0
916 1.7 14 0
917 2.1 29 0
918 5.0 10 1
919 4.4 20 1
920 4.4 5 0
921 4.6 15 1
922 2.3 20 0
923 3.0 23 0
924 1.6 12 0
925 3.5 15 0
926 2.8 29 1
927 2.0 6 0
928 3.0 18 0
929 2.5 11 0
930 4.6 4 0
931 2.0 21 0
932 2.7 6 0
933 1.6 25 0
934 4.8 17 1
935 2.0 5 0
936 2.5 24 0
937 1.7 16 0
938 1.4 4 0
939 2.4 3 0
940 4.9 23 1
941 2.3 28 0
942 1.1 5 0
943 1.5 16 0
944 2.0 11 0
945 2.2 3 0
946 2.7 13 0
947 4.7 11 1
948 3.2 7 0
949 1.1 25 0
950 1.7 3 0
951 3.3 24 1
952 3.4 29 1
953 4.4 22 1
954 3.6 5 0
955 2.3 4 0
956 3.0 12 0
957 2.8 21 0
958 3.0 6 0
959 3.1 8 0
960 1.5 23 0
961 1.7 29 0
962 4.9 3 0
963 2.4 28 0
964 1.6 6 0
965 5.0 15 1
966 1.8 5 0
967 3.6 7 0
968 3.5 19 1
969 4.2 30 1
970 3.6 23 1
971 1.7 11 0
972 3.3 4 0
973 4.4 19 1
974 1.1 28 0
975 3.7 15 0
976 1.5 22 0
977 1.2 24 0
978 4.3 25 1
979 3.7 30 1
980 3.8 25 1
981 4.1 22 1
982 5.0 10 1
983 4.2 22 1
984 1.5 13 0
985 2.5 19 0
986 2.1 20 0
987 4.1 4 0
988 4.1 23 1
989 1.5 22 0
990 2.1 23 0
991 3.8 5 0
992 3.8 20 1
993 2.1 15 0
994 3.1 20 0
995 2.3 7 0
996 1.4 26 0
997 4.4 25 1
998 1.2 4 0
999 1.6 23 0
0 4.9 16 1
1 1.5 19 0
2 3.6 20 1
3 4.9 3 0
4 2.0 14 0
5 2.2 21 0
6 1.9 17 0
7 1.1 6 0
8 2.9 24 0
9 1.3 25 0
10 4.9 25 1
11 2.8 21 0
12 3.2 4 0
13 1.1 22 0
14 2.3 3 0
15 4.3 15 1
16 4.0 21 1
17 3.6 13 0
18 4.5 20 1
19 1.8 19 0
20 4.6 29 1
21 3.8 14 0
22 4.4 3 0
23 3.1 27 1
24 1.4 25 0
25 1.0 8 0
26 4.8 19 1
27 4.9 11 1
28 2.7 30 1
29 2.4 27 0
30 1.6 29 0
31 1.9 3 0
32 2.2 7 0
33 4.4 7 0
34 4.6 13 1
35 1.1 25 0
36 3.3 13 0
37 1.5 11 0
38 4.7 26 1
39 3.3 11 0
40 4.2 29 1
41 1.8 8 0
42 4.1 15 1
43 4.4 20 1
44 2.0 27 0
45 3.2 25 1
46 3.3 18 0
47 4.4 10 0
48 2.3 21 0
49 2.9 28 1
50 3.3 20 0
51 2.7 11 0
52 2.0 21 0
53 5.0 20 1
54 3.8 3 0
55 1.0 13 0
56 3.7 7 0
57 3.3 12 0
58 2.7 19 0
59 3.6 25 1
60 4.8 28 1
61 2.6 5 0
62 4.3 9 0
63 3.0 11 0
64 4.2 30 1
65 3.7 16 0
66 2.7 28 1
67 2.3 26 0
68 2.7 6 0
69 1.5 23 0
70 2.3 8 0
71 1.4 6 0
72 3.1 6 0
73 1.7 13 0
74 3.1 9 0
75 4.3 24 1
76 3.0 17 0
77 3.0 13 0
78 3.0 11 0
79 3.2 3 0
80 2.1 27 0
81 4.7 7 0
82 2.1 20 0
83 3.5 26 1
84 1.6 19 0
85 3.8 20 1
86 3.1 14 0
87 4.6 5 0
88 4.4 27 1
89 1.9 20 0
90 2.6 19 0
91 1.9 14 0
92 2.4 24 0
93 3.3 17 0
94 1.4 12 0
95 2.7 25 0
96 3.2 4 0
97 4.7 27 1
98 4.6 10 1
99 2.8 26 0
100 1.8 22 0
101 4.6 26 1
102 3.1 10 0
103 3.8 18 1
104 3.2 28 1
105 1.4 18 0
106 3.9 14 0
107 1.8 3 0
108 2.3 22 0
109 4.5 7 0
110 4.5 8 1
111 3.5 10 0
112 4.8 16 1
113 2.8 18 0
114 4.0 6 0
115 2.8 13 0
116 3.5 25 1
117 1.2 5 0
118 4.0 9 0
119 2.4 28 0
120 1.2 24 0
121 4.9 9 1
122 3.1 24 0
123 4.6 3 0
124 1.4 27 0
125 4.6 6 0
126 2.4 22 0
127 1.6 14 0
128 4.8 5 0
129 4.1 26 1
130 2.6 3 0
131 3.5 18 1
132 3.6 4 0
133 1.1 27 0
134 1.6 23 0
135 4.7 24 1
136 4.3 8 0
137 3.4 26 1
138 2.4 3 0
139 1.5 20 0
140 4.7 30 1
141 3.4 11 0
142 2.5 23 0
143 2.1 11 0
144 2.5 30 1
145 4.4 15 1
146 1.7 17 0
147 1.9 29 0
148 4.0 27 1
149 2.1 24 0
150 3.1 19 0
151 1.1 21 0
152 2.0 30 0
153 1.2 25 0
154 1.6 5 0
155 4.0 14 1
156 1.0 15 0
157 3.4 30 1
158 1.6 21 0
159 2.8 26 0
160 1.8 25 0
161 4.2 24 1
162 3.9 19 1
163 2.2 13 0
164 1.5 20 0
165 1.5 28 0
166 1.5 24 0
167 2.3 25 0
168 3.5 24 1
169 2.8 20 0
170 1.5 16 0
171 1.6 25 0
172 1.1 9 0
173 3.2 27 1
174 4.2 22 1
175 2.0 19 0
176 2.1 30 0
177 2.9 18 0
178 4.3 20 1
179 1.6 11 0
180 3.1 10 0
181 4.9 5 0
182 4.9 29 1
183 3.8 22 1
184 4.7 23 1
185 3.3 16 0
186 3.2 29 1
187 2.7 5 0
188 2.9 27 1
189 1.5 4 0
190 4.1 26 1
191 4.6 30 1
192 1.1 22 0
193 4.2 20 1
194 3.6 23 1
195 4.8 3 0
196 1.7 10 0
197 1.9 11 0
198 2.4 14 0
199 2.9 14 0
200 4.1 19 1
201 4.2 8 0
202 4.1 3 0
203 4.7 23 1
204 5.0 19 1
205 2.6 14 0
206 2.0 30 0
207 4.3 4 0
208 2.9 3 0
209 1.0 13 0
210 4.5 9 1
211 4.7 21 1
212 4.0 9 0
213 2.0 23 0
214 3.0 27 1
215 1.0 11 0
216 1.1 12 0
217 4.1 11 0
218 2.7 4 0
219 4.5 14 1
220 1.8 27 0
221 3.3 20 0
222 3.5 9 0
223 1.8 14 0
224 4.8 3 0
225 2.2 11 0
226 4.8 25 1
227 2.2 18 0
228 2.8 10 0
229 3.4 13 0
230 4.0 19 1
231 3.0 6 0
232 3.3 28 1
233 3.8 11 0
234 2.0 30 0
235 2.9 13 0
236 3.7 23 1
237 1.0 14 0
238 4.4 17 1
239 2.5 26 0
240 3.8 6 0
241 1.1 4 0
242 4.9 3 0
243 1.5 5 0
244 3.6 29 1
245 2.5 28 0
246 1.1 10 0
247 3.0 29 1
248 4.5 23 1
249 4.7 16 1
250 1.7 20 0
251 3.8 18 1
252 2.3 21 0
253 4.9 11 1
254 4.4 4 0
255 3.9 16 1
256 1.5 7 0
257 3.0 13 0
258 1.9 25 0
259 4.1 8 0
260 1.2 13 0
261 1.9 13 0
262 1.5 26 0
263 4.6 22 1
264 3.4 7 0
265 1.5 6 0
266 2.8 19 0
267 1.1 27 0
268 1.0 7 0
269 3.8 6 0
270 2.1 3 0
271 3.8 17 1
272 1.3 17 0
273 4.4 26 1
274 3.5 24 1
275 3.6 7 0
276 3.7 18 1
277 3.1 11 0
278 4.4 26 1
279 1.3 4 0
280 4.6 17 1
281 4.1 17 1
282 4.9 18 1
283 4.5 22 1
284 1.9 28 0
285 1.5 22 0
286 5.0 22 1
287 2.9 11 0
288 4.8 4 0
289 4.4 28 1
290 3.3 16 0
291 3.6 12 0
292 2.9 11 0
293 3.8 21 1
294 3.6 16 0
295 3.5 23 1
296 3.7 6 0
297 3.8 29 1
298 1.2 21 0
299 2.6 20 0
300 2.2 18 0
301 1.3 11 0
302 3.4 17 0
303 5.0 22 1
304 2.4 23 0
305 1.5 10 0
306 2.3 9 0
307 1.3 15 0
308 1.1 15 0
309 2.8 28 1
310 3.0 15 0
311 4.2 18 1
312 4.1 7 0
313 2.2 17 0
314 3.0 8 0
315 2.5 28 0
316 1.2 24 0
317 4.4 26 1
318 1.8 7 0
319 4.7 23 1
320 3.1 7 0
321 3.5 4 0
322 2.9 9 0
323 1.4 15 0
324 4.5 29 1
325 1.4 19 0
326 1.8 23 0
327 4.9 22 1
328 2.8 16 0
329 3.9 24 1
330 3.7 3 0
331 2.2 12 0
332 1.8 14 0
333 1.9 10 0
334 3.2 7 0
335 2.4 28 0
336 3.4 6 0
337 1.5 7 0
338 1.7 3 0
339 4.0 25 1
340 3.8 16 1
341 1.1 26 0
342 2.4 26 0
343 1.7 16 0
344 3.8 25 1
345 1.3 9 0
346 5.0 13 1
347 1.1 5 0
348 2.4 23 0
349 4.9 29 1
350 4.5 15 1
351 2.8 23 0
352 3.3 28 1
353 2.4 25 0
354 1.9 28 0
355 2.7 15 0
356 3.7 5 0
357 4.5 13 1
358 1.2 24 0
359 2.5 30 1
360 3.4 5 0
361 3.0 5 0
362 3.0 29 1
363 4.9 16 1
364 2.5 26 0
365 3.9 12 0
366 2.0 20 0
367 3.0 22 0
368 1.8 21 0
369 1.2 9 0
370 1.1 18 0
371 4.5 23 1
372 1.5 23 0
373 4.0 8 0
374 4.6 6 0
375 2.7 7 0
376 3.4 26 1
377 1.6 27 0
378 2.2 26 0
379 3.2 24 1
380 1.5 11 0
381 2.8 6 0
382 1.9 27 0
383 3.5 22 1
384 4.9 25 1
385 5.0 9 1
386 3.1 19 0
387 2.0 11 0
388 2.9 6 0
389 3.5 12 0
390 3.7 26 1
391 4.2 28 1
392 3.1 7 0
393 3.1 10 0
394 1.4 14 0
395 2.9 23 0
396 4.5 13 1
397 4.1 27 1
398 3.8 28 1
399 2.9 22 0
400 3.6 29 1
401 1.6 7 0
402 4.5 18 1
403 1.8 27 0
404 4.3 25 1
405 2.9 28 1
406 3.8 18 1
407 3.6 10 0
408 2.9 20 0
409 2.5 28 0
410 2.0 21 0
411 2.1 11 0
412 2.0 28 0
413 4.8 24 1
414 4.3 19 1
415 2.4 9 0
416 3.5 11 0
417 1.8 25 0
418 1.2 26 0
419 2.5 3 0
420 1.2 12 0
421 4.6 13 1
422 1.3 19 0
423 2.0 26 0
424 1.2 24 0
425 3.6 20 1
426 1.8 8 0
427 2.1 18 0
428 1.4 8 0
429 4.2 10 0
430 4.3 25 1
431 1.5 26 0
432 3.8 6 0
433 4.3 13 1
434 3.2 13 0
435 3.2 20 0
436 2.9 18 0
437 4.5 20 1
438 1.8 25 0
439 1.4 7 0
440 4.6 18 1
441 2.0 9 0
442 3.4 30 1
443 1.4 16 0
444 4.7 21 1
445 3.8 15 0
446 5.0 28 1
447 3.4 26 1
448 2.6 20 0
449 1.3 15 0
450 4.9 15 1
451 3.3 26 1
452 3.8 3 0
453 3.3 25 1
454 3.3 17 0
455 1.8 18 0
456 4.9 29 1
457 4.9 24 1
458 1.6 24 0
459 1.5 27 0
460 4.7 24 1
461 1.8 9 0
462 2.2 20 0
463 4.7 5 0
464 1.7 11 0
465 4.9 14 1
466 2.5 30 1
467 3.6 4 0
468 1.6 12 0
469 2.0 17 0
470 1.9 28 0
471 2.7 6 0
472 4.6 26 1
473 3.7 12 0
474 2.6 26 0
475 2.3 27 0
476 2.5 18 0
477 3.9 26 1
478 2.1 23 0
479 3.3 14 0
480 4.7 15 1
481 2.9 3 0
482 2.0 4 0
483 4.7 28 1
484 3.5 14 0
485 3.1 14 0
486 2.3 25 0
487 3.1 14 0
488 3.4 12 0
489 4.6 22 1
490 4.9 10 1
491 1.4 22 0
492 4.2 29 1
493 1.4 8 0
494 1.6 10 0
495 1.8 18 0
496 4.6 17 1
497 3.6 8 0
498 3.8 3 0
499 2.9 23 0
500 1.1 11 0
501 3.3 30 1
502 3.4 24 1
503 4.8 25 1
504 1.7 25 0
505 1.2 24 0
506 4.3 16 1
507 4.5 17 1
508 1.1 30 0
509 2.7 13 0
510 2.7 5 0
511 2.9 30 1
512 1.9 4 0
513 1.6 25 0
514 4.5 14 1
515 2.6 15 0
516 1.0 17 0
517 2.7 25 0
518 1.5 8 0
519 2.1 18 0
520 3.2 6 0
521 4.6 20 1
522 4.2 24 1
523 2.6 12 0
524 4.4 3 0
525 3.7 15 0
526 2.0 15 0
527 2.0 20 0
528 2.1 3 0
529 3.3 16 0
530 2.1 22 0
531 4.4 15 1
532 3.6 8 0
533 2.1 27 0
534 1.4 27 0
535 1.2 23 0
536 2.0 26 0
537 1.1 16 0
538 1.1 29 0
539 4.2 24 1
540 3.8 12 0
541 1.6 26 0
542 1.2 12 0
543 4.4 15 1
544 1.6 28 0
545 4.1 25 1
546 1.9 12 0
547 3.6 28 1
548 2.5 21 0
549 4.7 15 1
550 4.1 14 1
551 3.3 30 1
552 2.7 17 0
553 1.8 10 0
554 1.8 19 0
555 1.4 23 0
556 4.5 14 1
557 2.2 27 0
558 3.5 8 0
559 2.6 28 0
560 4.6 13 1
561 3.6 11 0
562 1.2 8 0
563 4.1 27 1
564 3.7 10 0
565 2.3 12 0
566 3.2 22 0
567 2.0 22 0
568 1.8 9 0
569 3.3 9 0
570 3.8 27 1
571 3.3 18 0
572 1.2 16 0
573 4.8 7 0
574 1.8 6 0
575 2.0 5 0
576 4.9 9 1
577 4.8 30 1
578 3.9 6 0
579 2.8 10 0
580 4.9 13 1
581 2.2 22 0
582 3.2 12 0
583 2.1 29 0
584 1.5 27 0
585 4.8 10 1
586 1.5 5 0
587 4.7 26 1
588 4.0 17 1
589 1.4 18 0
590 2.4 8 0
591 2.9 10 0
592 3.3 18 0
593 4.2 28 1
594 2.2 3 0
595 1.9 18 0
596 3.1 5 0
597 4.6 16 1
598 4.7 3 0
599 2.6 14 0
600 1.3 23 0
601 3.4 22 0
602 3.6 10 0
603 2.2 17 0
604 3.9 9 0
605 4.5 28 1
606 4.3 6 0
607 2.3 3 0
608 3.4 29 1
609 4.9 9 1
610 3.5 23 1
611 1.2 18 0
612 1.1 23 0
613 3.2 16 0
614 1.5 8 0
615 1.3 24 0
616 5.0 13 1
617 4.2 5 0
618 2.4 23 0
619 2.9 5 0
620 2.7 25 0
621 4.2 13 1
622 3.9 17 1
623 1.7 19 0
624 3.5 28 1
625 3.3 23 1
626 2.1 3 0
627 1.3 28 0
628 4.9 9 1
629 3.7 8 0
630 3.9 19 1
631 3.8 12 0
632 4.0 28 1
633 2.0 14 0
634 4.4 5 0
635 1.8 29 0
636 3.4 15 0
637 1.3 15 0
638 1.7 27 0
639 3.0 30 1
640 2.4 17 0
641 2.1 14 0
642 2.9 13 0
643 4.8 16 1
644 1.5 12 0
645 4.2 17 1
646 1.9 28 0
647 4.4 16 1
648 3.9 14 0
649 1.6 14 0
650 1.8 3 0
651 1.3 22 0
652 2.1 20 0
653 2.9 11 0
654 2.7 25 0
655 3.2 30 1
656 1.9 17 0
657 1.8 13 0
658 2.7 23 0
659 4.8 22 1
660 1.6 6 0
661 4.1 12 0
662 4.6 29 1
663 2.8 19 0
664 1.3 5 0
665 3.9 17 1
666 2.1 22 0
667 3.8 16 1
668 2.2 14 0
669 1.5 15 0
670 2.3 5 0
671 4.5 18 1
672 4.3 11 0
673 1.8 14 0
674 2.6 18 0
675 2.0 8 0
676 3.8 3 0
677 1.5 7 0
678 2.5 24 0
679 4.6 15 1
680 3.4 29 1
681 1.9 12 0
682 2.7 14 0
683 3.9 12 0
684 2.5 7 0
685 4.1 18 1
686 2.5 8 0
687 4.1 22 1
688 4.2 5 0
689 1.4 24 0
690 1.8 12 0
691 1.4 22 0
692 2.0 26 0
693 4.9 19 1
694 2.7 12 0
695 4.7 15 1
696 4.8 22 1
697 2.9 7 0
698 2.8 13 0
699 2.4 7 0
700 3.8 6 0
701 4.9 15 1
702 3.7 17 1
703 3.3 25 1
704 1.7 11 0
705 1.5 4 0
706 2.3 19 0
707 4.8 9 1
708 2.4 8 0
709 3.0 22 0
710 3.6 29 1
711 4.6 22 1
712 1.2 15 0
713 4.6 24 1
714 1.4 27 0
715 1.9 30 0
716 4.2 29 1
717 3.5 7 0
718 4.8 11 1
719 2.7 26 0
720 4.9 30 1
721 4.2 5 0
722 3.4 13 0
723 3.2 21 0
724 2.7 6 0
725 1.3 5 0
726 3.1 26 1
727 1.2 22 0
728 3.3 6 0
729 4.8 28 1
730 3.4 23 1
731 3.7 11 0
732 1.6 15 0
733 2.0 10 0
734 3.0 6 0
735 4.6 13 1
736 1.9 28 0
737 4.7 24 1
738 3.6 4 0
739 1.1 24 0
740 2.5 27 0
741 1.9 12 0
742 3.5 9 0
743 4.5 14 1
744 2.2 24 0
745 1.5 15 0
746 2.5 27 0
747 2.6 30 1
748 2.0 23 0
749 2.6 24 0
750 2.1 9 0
751 4.9 19 1
752 2.2 5 0
753 4.6 25 1
754 1.5 24 0
755 2.7 15 0
756 1.9 27 0
757 2.6 12 0
758 2.0 24 0
759 1.3 11 0
760 1.9 8 0
761 1.7 9 0
762 4.7 9 1
763 1.4 17 0
764 2.3 25 0
765 4.1 18 1
766 4.1 8 0
767 2.0 10 0
768 1.5 19 0
769 3.8 14 0
770 2.4 11 0
771 2.7 22 0
772 3.1 22 0
773 2.4 17 0
774 3.1 17 0
775 1.3 8 0
776 4.8 4 0
777 2.7 30 1
778 4.8 10 1
779 4.8 3 0
780 4.4 11 0
781 3.4 20 0
782 4.5 19 1
783 2.5 17 0
784 2.6 13 0
785 1.8 22 0
786 4.8 23 1
787 2.2 17 0
788 4.5 19 1
789 1.5 20 0
790 2.8 22 0
791 1.5 12 0
792 2.2 8 0
793 4.1 28 1
794 3.7 18 1
795 4.5 25 1
796 3.0 5 0
797 1.9 11 0
798 2.3 7 0
799 1.2 10 0
800 2.0 17 0
801 4.9 16 1
802 2.9 24 0
803 1.4 6 0
804 1.5 19 0
805 4.6 6 0
806 1.3 8 0
807 1.6 11 0
808 2.2 10 0
809 4.1 14 1
810 4.8 19 1
811 3.2 9 0
812 1.0 3 0
813 3.4 19 0
814 2.8 7 0
815 3.3 19 0
816 1.4 12 0
817 3.6 20 1
818 1.1 4 0
819 4.5 29 1
820 4.5 3 0
821 2.3 20 0
822 3.2 5 0
823 3.4 12 0
824 2.0 17 0
825 1.2 17 0
826 2.3 28 0
827 2.0 29 0
828 1.9 22 0
829 3.4 10 0
830 4.9 25 1
831 4.0 29 1
832 1.5 4 0
833 4.9 10 1
834 2.9 11 0
835 3.8 16 1
836 4.5 5 0
837 1.6 5 0
838 1.1 8 0
839 3.9 29 1
840 1.5 4 0
841 4.1 29 1
842 4.4 23 1
843 4.2 8 0
844 2.5 14 0
845 1.4 4 0
846 4.3 7 0
847 3.5 19 1
848 3.6 5 0
849 2.4 29 0
850 3.8 10 0
851 4.9 9 1
852 3.7 12 0
853 3.1 20 0
854 2.6 10 0
855 1.1 24 0
856 1.5 20 0
857 4.3 19 1
858 3.4 30 1
859 2.0 26 0
860 3.4 12 0
861 1.4 10 0
862 3.1 11 0
863 1.0 14 0
864 1.8 8 0
865 3.1 28 1
866 3.8 20 1
867 5.0 17 1
868 2.1 22 0
869 2.3 20 0
870 5.0 13 1
871 1.6 10 0
872 4.2 15 1
873 3.1 17 0
874 1.8 19 0
875 1.7 30 0
876 4.1 28 1
877 2.6 30 1
878 4.7 20 1
879 2.4 15 0
880 3.0 15 0
881 4.2 22 1
882 4.3 28 1
883 1.8 16 0
884 3.6 29 1
885 2.7 20 0
886 2.6 17 0
887 2.6 21 0
888 4.6 3 0
889 4.3 14 1
890 3.8 9 0
891 3.7 12 0
892 3.0 26 1
893 2.9 13 0
894 3.9 16 1
895 3.0 13 0
896 4.5 18 1
897 3.3 10 0
898 2.2 11 0
899 3.8 14 0
900 2.9 9 0
901 4.4 13 1
902 3.8 4 0
903 3.0 27 1
904 1.5 3 0
905 3.4 15 0
906 2.0 17 0
907 3.5 5 0
908 1.1 10 0
909 3.1 26 1
910 1.6 14 0
911 1.4 27 0
912 4.6 25 1
913 1.8 3 0
914 4.7 3 0
915 3.2 29 1
916 2.6 30 1
917 4.2 4 0
918 2.9 29 1
919 2.3 13 0
920 1.5 3 0
921 2.5 4 0
922 2.4 17 0
923 2.7 28 1
924 4.3 23 1
925 4.6 5 0
926 4.8 23 1
927 2.8 9 0
928 2.4 26 0
929 1.3 3 0
930 1.5 6 0
931 1.5 26 0
932 2.4 17 0
933 1.7 23 0
934 2.7 17 0
935 4.7 20 1
936 3.2 29 1
937 2.7 18 0
938 2.2 30 0
939 1.2 25 0
940 4.7 17 1
941 3.2 13 0
942 3.3 18 0
943 4.8 22 1
944 3.7 18 1
945 2.0 26 0
946 1.9 24 0
947 3.6 18 1
948 1.7 18 0
949 4.9 30 1
950 3.0 27 1
951 2.7 6 0
952 3.5 14 0
953 1.9 12 0
954 2.0 19 0
955 4.9 19 1
956 1.7 17 0
957 4.1 5 0
958 2.9 19 0
959 3.2 3 0
960 3.8 15 0
961 3.1 19 0
962 2.3 26 0
963 1.7 20 0
964 3.0 27 1
965 3.3 5 0
966 3.6 4 0
967 4.9 12 1
968 4.4 25 1
969 3.3 15 0
970 1.0 17 0
971 3.5 17 0
972 2.5 8 0
973 1.2 29 0
974 2.2 23 0
975 3.1 14 0
976 2.5 10 0
977 1.4 22 0
978 1.9 22 0
979 3.3 12 0
980 4.2 12 1
981 4.4 13 1
982 4.6 8 1
983 4.4 22 1
984 2.3 11 0
985 2.9 12 0
986 2.1 16 0
987 4.8 29 1
988 2.1 30 0
989 1.8 3 0
990 3.7 23 1
991 1.6 18 0
992 3.0 19 0
993 3.1 30 1
994 1.5 12 0
995 2.2 4 0
996 2.7 22 0
997 1.5 3 0
998 2.2 22 0
999 1.7 23 0
